0 19
0 19
0 22
0 19
0 21
0 23
0 23
0 23
0 19
0 18
0 18
0 18
0 20
0 20
0 21
0 19
0 19
0 19
0 22
0 21
0 23
0 19
0 19
0 19
0 22
0 21
0 23
0 20
0 18
0 18
0 18
0 20
0 18
0 18
0 20
0 20
0 21
0 26
0 21
0 20
0 20
0 20
0 11
0 15
0 11
0 21
0 21
0 24
0 21
0 21
0 21
0 21
0 24
0 21
0 21
0 21
0 21
0 21
0 21
0 21
0 21
0 19
0 19
0 44
0 25
0 49
0 48
0 109
0 114
0 30
0 19
0 18
0 22
0 8
0 11
0 20
0 27
0 25
0 36
0 31
0 36
0 45
0 48
0 11
0 17
0 15
0 20
0 47
0 47
0 53
0 44
0 15
0 11
0 8
0 22
0 36
0 18
0 19
0 11
0 17
0 15
0 20
0 21
0 20
0 27
0 25
0 36
0 31
0 36
0 45
0 48
0 21
